    0.13897E-06   -0.78547E-07    0.26066E-07   -0.12862E-07   -0.69712E-08   -0.37644E-08   -0.42220E-08   -0.42074E-08   -0.27763E-08   -0.14325E-07   -0.88012E-08   -0.61756E-08   -0.10538E-07   -0.22179E-07    0.97889E-08   -0.73923E-08   -0.13605E-07   -0.25199E-08   -0.42838E-07    0.15078E-07   -0.36301E-07    0.11701E-07   -0.19079E-08   -0.28264E-07   -0.18883E-08   -0.68747E-07    0.26104E-07   -0.65890E-08   -0.22668E-07    0.14995E-07   -0.96646E-08    0.66192E-08    0.75560E-08   -0.31504E-07   -0.30393E-07    0.47412E-07    0.38141E-07   -0.40853E-07    0.56680E-07    0.28549E-07   -0.30845E-07    0.48873E-07    0.42200E-07   -0.13769E-07    0.16903E-07
   -0.78547E-07    0.28751E-06   -0.14363E-06    0.39222E-07   -0.25751E-07   -0.13984E-08   -0.21813E-07   -0.20812E-07   -0.12981E-07   -0.59648E-08   -0.54127E-09   -0.23388E-07    0.95809E-08   -0.27179E-07   -0.20789E-07   -0.71228E-08   -0.14847E-07   -0.47169E-08    0.24631E-07   -0.42534E-07   -0.80027E-10   -0.15640E-07    0.25419E-08    0.36084E-07    0.63225E-08    0.30263E-08   -0.19130E-07   -0.55741E-07    0.11425E-07   -0.92792E-08   -0.82226E-08   -0.86998E-07    0.69853E-07    0.12974E-06   -0.46214E-08    0.15066E-07   -0.10866E-06    0.10940E-06   -0.82088E-07   -0.44379E-07    0.43733E-07    0.16342E-07    0.18219E-07    0.11341E-06   -0.47324E-07
    0.26066E-07   -0.14363E-06    0.48286E-06   -0.24665E-06    0.70266E-07   -0.42046E-07    0.68413E-08   -0.19131E-07   -0.60390E-09   -0.45078E-07   -0.19409E-08   -0.13863E-07    0.82381E-09   -0.18487E-07    0.78068E-08    0.14283E-07   -0.20898E-07   -0.74898E-09   -0.27671E-07   -0.18919E-07    0.44328E-07   -0.98508E-07    0.40458E-07   -0.78990E-07    0.41189E-07   -0.25187E-07   -0.30884E-07   -0.13445E-07   -0.47241E-07   -0.50298E-07    0.13735E-07    0.24767E-07    0.78561E-07   -0.16255E-06    0.52905E-07   -0.44879E-07    0.16851E-07   -0.62927E-07    0.56093E-07   -0.11964E-07    0.61662E-07   -0.35208E-07   -0.49096E-08    0.47325E-07    0.80072E-07
   -0.12862E-07    0.39222E-07   -0.24665E-06    0.74766E-06   -0.34588E-06    0.12316E-06   -0.90583E-07   -0.18508E-07   -0.97210E-08   -0.10790E-07   -0.30481E-07   -0.28891E-07   -0.30988E-07   -0.36164E-08   -0.86113E-09   -0.12523E-06   -0.22875E-07   -0.19481E-07   -0.30371E-07    0.54790E-08   -0.12669E-07    0.77506E-07   -0.72723E-07   -0.90030E-07    0.18576E-07    0.28074E-07   -0.24641E-07   -0.31881E-07   -0.47281E-07    0.10592E-06   -0.46295E-07   -0.59526E-07   -0.42157E-07    0.56297E-07   -0.14076E-06    0.77874E-07   -0.46669E-07    0.12121E-06   -0.18127E-07    0.10884E-06    0.23390E-07    0.13073E-06    0.67563E-07   -0.34393E-07   -0.30894E-07
   -0.69712E-08   -0.25751E-07    0.70266E-07   -0.34588E-06    0.10721E-05   -0.52603E-06    0.15095E-06   -0.10016E-06    0.28598E-07   -0.45720E-07   -0.22180E-07   -0.80858E-08   -0.24316E-07   -0.65021E-07   -0.51900E-07    0.82581E-09   -0.92164E-07   -0.14844E-07   -0.43806E-09   -0.62807E-07   -0.19568E-07   -0.57022E-07   -0.47273E-07    0.11436E-06   -0.26375E-07   -0.33978E-07    0.51003E-07   -0.34083E-07   -0.18440E-07   -0.15211E-06   -0.92006E-07    0.34957E-07   -0.10369E-06   -0.35423E-08    0.15022E-06   -0.85842E-07    0.12531E-06   -0.12108E-06    0.59740E-07    0.15365E-06   -0.22645E-06    0.21748E-06   -0.28535E-06    0.42144E-07    0.41478E-06
   -0.37644E-08   -0.13984E-08   -0.42046E-07    0.12316E-06   -0.52603E-06    0.15186E-05   -0.71000E-06    0.19850E-06   -0.14468E-06    0.23872E-07   -0.52119E-07   -0.43822E-07   -0.36759E-07    0.45916E-08   -0.43210E-07   -0.34254E-07   -0.72924E-07   -0.95472E-08   -0.16548E-06   -0.54124E-07   -0.11213E-06    0.12342E-07   -0.86506E-08   -0.20411E-06    0.13046E-06   -0.25735E-07   -0.42102E-07   -0.20251E-06    0.26099E-07   -0.19639E-07   -0.18960E-07   -0.17619E-06    0.13346E-06   -0.31058E-06    0.27105E-06   -0.30584E-06    0.34107E-06   -0.26652E-07    0.21873E-06    0.15731E-06    0.15950E-06   -0.47839E-07    0.31520E-06   -0.23956E-06   -0.57975E-07
   -0.42220E-08   -0.21813E-07    0.68413E-08   -0.90583E-07    0.15095E-06   -0.71000E-06    0.20107E-05   -0.87998E-06    0.22779E-06   -0.20917E-06    0.21714E-07   -0.77329E-07   -0.32484E-07   -0.94631E-07   -0.59744E-07    0.39285E-07   -0.10055E-06   -0.94409E-07    0.88667E-07   -0.87770E-07    0.84135E-07   -0.42563E-07   -0.13312E-06    0.10233E-06   -0.17171E-06   -0.12654E-06   -0.79161E-07    0.14086E-06   -0.69013E-07   -0.58507E-08   -0.12368E-06    0.15016E-07   -0.63458E-07    0.70581E-07   -0.19569E-06    0.56073E-06   -0.23501E-06   -0.14143E-06   -0.26770E-06    0.11364E-06   -0.15783E-07    0.39084E-07   -0.29705E-06    0.38689E-06    0.88849E-07
   -0.42074E-08   -0.20812E-07   -0.19131E-07   -0.18508E-07   -0.10016E-06    0.19850E-06   -0.87998E-06    0.25280E-05   -0.11413E-05    0.32697E-06   -0.21169E-06   -0.23894E-07   -0.90913E-07   -0.48196E-07   -0.37294E-07   -0.51409E-07   -0.50904E-08   -0.93528E-08   -0.20849E-06    0.13570E-06   -0.81259E-07    0.14245E-06   -0.15564E-06   -0.12323E-06   -0.55462E-07   -0.53843E-07   -0.53753E-07    0.57107E-07   -0.56070E-07   -0.66672E-07   -0.90601E-07    0.18028E-06   -0.28443E-06   -0.29614E-06    0.34819E-06   -0.37857E-06    0.13508E-06   -0.17344E-07   -0.11341E-06    0.34167E-06   -0.29596E-06   -0.11115E-06    0.31227E-06    0.23002E-06    0.55688E-07
   -0.27763E-08   -0.12981E-07   -0.60390E-09   -0.97210E-08    0.28598E-07   -0.14468E-06    0.22779E-06   -0.11413E-05    0.31190E-05   -0.13670E-05    0.35911E-06   -0.23323E-06   -0.29310E-07   -0.11907E-06   -0.91032E-07    0.32111E-07   -0.82711E-07   -0.14849E-06    0.25512E-07   -0.21135E-06   -0.32267E-07   -0.20416E-06    0.11745E-06   -0.10041E-06   -0.19696E-06    0.12953E-07   -0.12132E-07   -0.35776E-08   -0.70745E-07   -0.36968E-07   -0.23794E-06    0.40175E-07   -0.13664E-06   -0.75878E-07   -0.37249E-06    0.42280E-06   -0.22724E-06    0.32164E-06   -0.23108E-07   -0.20894E-06    0.85002E-07    0.27848E-06   -0.20024E-06   -0.14891E-06    0.58296E-06
   -0.14325E-07   -0.59648E-08   -0.45078E-07   -0.10790E-07   -0.45720E-07    0.23872E-07   -0.20917E-06    0.32697E-06   -0.13670E-05    0.38110E-05   -0.16355E-05    0.35289E-06   -0.27909E-06   -0.35640E-07   -0.12346E-06   -0.10271E-06   -0.64121E-07   -0.10101E-06   -0.16024E-06    0.21530E-07   -0.10921E-06   -0.16285E-07   -0.18181E-06   -0.88387E-07   -0.15070E-07   -0.13039E-06    0.59990E-07   -0.13655E-06    0.17483E-06   -0.27806E-06    0.48754E-07    0.12989E-06   -0.84490E-07   -0.22480E-07    0.18104E-06   -0.25214E-06   -0.46435E-06   -0.22465E-06    0.14063E-06    0.88044E-06   -0.61385E-06    0.10185E-06    0.34655E-07    0.22867E-06   -0.61451E-07
   -0.88012E-08   -0.54127E-09   -0.19409E-08   -0.30481E-07   -0.22180E-07   -0.52119E-07    0.21714E-07   -0.21169E-06    0.35911E-06   -0.16355E-05    0.44371E-05   -0.19727E-05    0.51719E-06   -0.40529E-06   -0.11798E-09   -0.17422E-06   -0.76551E-07   -0.13631E-06   -0.26577E-07   -0.31151E-06   -0.33586E-07   -0.16742E-06   -0.21223E-07   -0.13172E-06   -0.22462E-06    0.88407E-09   -0.37158E-06   -0.11603E-06    0.10604E-06    0.25715E-06   -0.13084E-06   -0.12956E-06   -0.91040E-07    0.10110E-06   -0.25790E-06    0.30555E-06    0.40081E-06   -0.29839E-06    0.12830E-06   -0.63041E-06    0.66123E-06   -0.34893E-06    0.78135E-07    0.88394E-07    0.20362E-06
   -0.61756E-08   -0.23388E-07   -0.13863E-07   -0.28891E-07   -0.80858E-08   -0.43822E-07   -0.77329E-07   -0.23894E-07   -0.23323E-06    0.35289E-06   -0.19727E-05    0.54940E-05   -0.24078E-05    0.64269E-06   -0.28274E-06   -0.34686E-07   -0.28746E-06   -0.61672E-07   -0.76688E-07   -0.13454E-06   -0.88337E-07   -0.48710E-07   -0.92058E-07   -0.75036E-07   -0.21430E-06   -0.20249E-06    0.10532E-06   -0.74502E-08   -0.48224E-06    0.15855E-06   -0.12039E-06    0.93625E-07   -0.82327E-07   -0.40092E-06    0.26246E-06    0.10478E-06   -0.15697E-06    0.16486E-07    0.79524E-07    0.12560E-06   -0.16475E-06    0.20708E-06    0.43764E-06   -0.56102E-06   -0.31825E-06
   -0.10538E-07    0.95809E-08    0.82381E-09   -0.30988E-07   -0.24316E-07   -0.36759E-07   -0.32484E-07   -0.90913E-07   -0.29310E-07   -0.27909E-06    0.51719E-06   -0.24078E-05    0.66385E-05   -0.29400E-05    0.63094E-06   -0.58930E-06   -0.36180E-07   -0.14597E-06   -0.53951E-07   -0.14574E-06   -0.39524E-07   -0.26698E-06   -0.28251E-06   -0.27163E-06   -0.14480E-06   -0.37321E-07   -0.90598E-07   -0.37814E-06    0.69193E-07   -0.17980E-06   -0.45286E-07   -0.46339E-06   -0.25390E-06    0.47462E-06   -0.66850E-06    0.77791E-07    0.50145E-06   -0.41624E-06    0.14710E-06   -0.36688E-06    0.10087E-05   -0.49997E-06   -0.47000E-08    0.33586E-06    0.42349E-06
   -0.22179E-07   -0.27179E-07   -0.18487E-07   -0.36164E-08   -0.65021E-07    0.45916E-08   -0.94631E-07   -0.48196E-07   -0.11907E-06   -0.35640E-07   -0.40529E-06    0.64269E-06   -0.29400E-05    0.80955E-05   -0.35752E-05    0.90716E-06   -0.67140E-06    0.75052E-07   -0.34982E-06   -0.10708E-06   -0.28667E-07   -0.37298E-06    0.92704E-07   -0.27920E-06   -0.71098E-07   -0.56336E-06   -0.20980E-06   -0.55574E-07    0.21868E-06   -0.54981E-06    0.34759E-06    0.15899E-06    0.50715E-06   -0.30359E-06   -0.24559E-07    0.59437E-06   -0.73811E-06    0.93738E-08    0.21311E-06   -0.32973E-06   -0.38146E-06   -0.13400E-06    0.34107E-06    0.11495E-07   -0.27089E-06
    0.97889E-08   -0.20789E-07    0.78068E-08   -0.86113E-09   -0.51900E-07   -0.43210E-07   -0.59744E-07   -0.37294E-07   -0.91032E-07   -0.12346E-06   -0.11798E-09   -0.28274E-06    0.63094E-06   -0.35752E-05    0.99309E-05   -0.42795E-05    0.11382E-05   -0.82420E-06    0.86809E-07   -0.27771E-06   -0.38832E-06   -0.16499E-06   -0.41967E-06   -0.18485E-06   -0.20798E-06   -0.57468E-08   -0.23722E-06    0.23111E-07   -0.94284E-06    0.64880E-06   -0.79952E-06   -0.18587E-06   -0.74045E-06   -0.53970E-06    0.27415E-06   -0.30282E-06    0.36822E-06    0.25816E-06   -0.73733E-07   -0.70672E-06    0.88173E-06   -0.40750E-06    0.95280E-07    0.10597E-05   -0.13185E-06
   -0.73923E-08   -0.71228E-08    0.14283E-07   -0.12523E-06    0.82581E-09   -0.34254E-07    0.39285E-07   -0.51409E-07    0.32111E-07   -0.10271E-06   -0.17422E-06   -0.34686E-07   -0.58930E-06    0.90716E-06   -0.42795E-05    0.12009E-04   -0.51345E-05    0.12155E-05   -0.74920E-06   -0.14724E-06   -0.39176E-06   -0.62536E-07   -0.43351E-06   -0.16603E-06   -0.35836E-06   -0.49502E-06   -0.39531E-06   -0.12860E-06    0.14590E-06   -0.64105E-06    0.20337E-06    0.10885E-06    0.70536E-07   -0.89429E-07   -0.40061E-06   -0.31040E-06   -0.18516E-06   -0.27585E-06    0.59026E-06   -0.64743E-06   -0.47028E-06    0.74472E-06   -0.91950E-06    0.43608E-06    0.37118E-06
   -0.13605E-07   -0.14847E-07   -0.20898E-07   -0.22875E-07   -0.92164E-07   -0.72924E-07   -0.10055E-06   -0.50904E-08   -0.82711E-07   -0.64121E-07   -0.76551E-07   -0.28746E-06   -0.36180E-07   -0.67140E-06    0.11382E-05   -0.51345E-05    0.14610E-04   -0.64104E-05    0.15716E-05   -0.90882E-06   -0.13462E-06   -0.50905E-06   -0.55673E-07   -0.40489E-06    0.17885E-06   -0.32222E-06   -0.48880E-06   -0.28304E-06   -0.39935E-06   -0.50042E-06   -0.63570E-06    0.32348E-06    0.64928E-07   -0.16235E-06   -0.22314E-06   -0.35181E-06   -0.52668E-06    0.26048E-06   -0.62603E-06    0.69785E-06    0.60120E-06   -0.43889E-06    0.11882E-05   -0.13190E-05   -0.88762E-07
   -0.25199E-08   -0.47169E-08   -0.74898E-09   -0.19481E-07   -0.14844E-07   -0.95472E-08   -0.94409E-07   -0.93528E-08   -0.14849E-06   -0.10101E-06   -0.13631E-06   -0.61672E-07   -0.14597E-06    0.75052E-07   -0.82420E-06    0.12155E-05   -0.64104E-05    0.17454E-04   -0.74659E-05    0.15366E-05   -0.10610E-05   -0.41549E-06   -0.25521E-07   -0.21918E-06   -0.72613E-06   -0.18792E-06   -0.24694E-06   -0.19769E-06   -0.76305E-07   -0.41131E-06   -0.34611E-06   -0.65155E-06   -0.61771E-06    0.43396E-06   -0.67991E-06    0.21003E-06    0.92197E-07    0.51992E-07    0.59266E-06   -0.90662E-06    0.23759E-06   -0.20804E-06   -0.41966E-06   -0.41181E-06    0.28571E-06
   -0.42838E-07    0.24631E-07   -0.27671E-07   -0.30371E-07   -0.43806E-09   -0.16548E-06    0.88667E-07   -0.20849E-06    0.25512E-07   -0.16024E-06   -0.26577E-07   -0.76688E-07   -0.53951E-07   -0.34982E-06    0.86809E-07   -0.74920E-06    0.15716E-05   -0.74659E-05    0.20728E-04   -0.84739E-05    0.19068E-05   -0.16038E-05   -0.12321E-06   -0.10880E-05    0.11973E-06   -0.64919E-06   -0.31869E-06   -0.26022E-06   -0.48269E-06   -0.71245E-06   -0.57854E-06    0.21280E-06   -0.74206E-06   -0.15951E-05    0.56668E-06   -0.36070E-06   -0.34885E-06    0.44624E-06   -0.11436E-05    0.52016E-06    0.16066E-07    0.12706E-05   -0.15915E-05    0.31964E-06    0.20805E-06
    0.15078E-07   -0.42534E-07   -0.18919E-07    0.54790E-08   -0.62807E-07   -0.54124E-07   -0.87770E-07    0.13570E-06   -0.21135E-06    0.21530E-07   -0.31151E-06   -0.13454E-06   -0.14574E-06   -0.10708E-06   -0.27771E-06   -0.14724E-06   -0.90882E-06    0.15366E-05   -0.84739E-05    0.23667E-04   -0.98898E-05    0.25930E-05   -0.16517E-05   -0.71572E-07   -0.69841E-06   -0.22044E-06   -0.33089E-06   -0.30748E-06   -0.10556E-05   -0.76276E-06    0.68644E-07    0.28067E-06   -0.46960E-06    0.11087E-06   -0.88164E-06   -0.92133E-06   -0.36971E-07   -0.49403E-06    0.22260E-06   -0.19141E-06   -0.24627E-06   -0.69420E-06    0.85903E-06   -0.13692E-05    0.42840E-06
   -0.36301E-07   -0.80027E-10    0.44328E-07   -0.12669E-07   -0.19568E-07   -0.11213E-06    0.84135E-07   -0.81259E-07   -0.32267E-07   -0.10921E-06   -0.33586E-07   -0.88337E-07   -0.39524E-07   -0.28667E-07   -0.38832E-06   -0.39176E-06   -0.13462E-06   -0.10610E-05    0.19068E-05   -0.98898E-05    0.26690E-04   -0.10973E-04    0.25224E-05   -0.17315E-05   -0.25576E-06   -0.32641E-06   -0.10526E-05   -0.52860E-06   -0.26638E-06   -0.23315E-06   -0.55066E-06   -0.97502E-06   -0.81404E-06   -0.23921E-06    0.14527E-05   -0.94574E-06   -0.47147E-06   -0.60646E-06   -0.83439E-06   -0.35432E-06   -0.10072E-05    0.20661E-06    0.36431E-07    0.34754E-06   -0.47876E-06
    0.11701E-07   -0.15640E-07   -0.98508E-07    0.77506E-07   -0.57022E-07    0.12342E-07   -0.42563E-07    0.14245E-06   -0.20416E-06   -0.16285E-07   -0.16742E-06   -0.48710E-07   -0.26698E-06   -0.37298E-06   -0.16499E-06   -0.62536E-07   -0.50905E-06   -0.41549E-06   -0.16038E-05    0.25930E-05   -0.10973E-04    0.30730E-04   -0.12929E-04    0.30480E-05   -0.19677E-05   -0.17184E-06   -0.67769E-06   -0.44935E-06   -0.85732E-06    0.44730E-07   -0.17572E-06    0.26417E-07   -0.71879E-06   -0.35019E-06   -0.14623E-05   -0.51058E-06    0.37882E-06   -0.72397E-06   -0.19600E-06   -0.14875E-05   -0.15347E-06   -0.25064E-07   -0.70591E-06    0.92354E-08   -0.76044E-07
   -0.19079E-08    0.25419E-08    0.40458E-07   -0.72723E-07   -0.47273E-07   -0.86506E-08   -0.13312E-06   -0.15564E-06    0.11745E-06   -0.18181E-06   -0.21223E-07   -0.92058E-07   -0.28251E-06    0.92704E-07   -0.41967E-06   -0.43351E-06   -0.55673E-07   -0.25521E-07   -0.12321E-06   -0.16517E-05    0.25224E-05   -0.12929E-04    0.35333E-04   -0.14387E-04    0.33354E-05   -0.20965E-05   -0.21937E-06   -0.13705E-05   -0.27865E-06   -0.77445E-06   -0.12354E-05   -0.44729E-06   -0.60257E-06   -0.47681E-06   -0.10564E-05   -0.13002E-06   -0.19147E-05   -0.71375E-06    0.42044E-06   -0.11671E-05    0.64728E-06   -0.45584E-06    0.63405E-06   -0.64051E-06   -0.40305E-06
   -0.28264E-07    0.36084E-07   -0.78990E-07   -0.90030E-07    0.11436E-06   -0.20411E-06    0.10233E-06   -0.12323E-06   -0.10041E-06   -0.88387E-07   -0.13172E-06   -0.75036E-07   -0.27163E-06   -0.27920E-06   -0.18485E-06   -0.16603E-06   -0.40489E-06   -0.21918E-06   -0.10880E-05   -0.71572E-07   -0.17315E-05    0.30480E-05   -0.14387E-04    0.38457E-04   -0.15717E-04    0.37654E-05   -0.16467E-05   -0.62046E-06   -0.13913E-06   -0.18270E-05   -0.47092E-06   -0.43870E-06   -0.49157E-06    0.13590E-06   -0.17669E-05   -0.11461E-05    0.78053E-06   -0.80167E-06   -0.15937E-05    0.90153E-06   -0.16827E-05   -0.10321E-05    0.38110E-06    0.10071E-05   -0.65814E-06
   -0.18883E-08    0.63225E-08    0.41189E-07    0.18576E-07   -0.26375E-07    0.13046E-06   -0.17171E-06   -0.55462E-07   -0.19696E-06   -0.15070E-07   -0.22462E-06   -0.21430E-06   -0.14480E-06   -0.71098E-07   -0.20798E-06   -0.35836E-06    0.17885E-06   -0.72613E-06    0.11973E-06   -0.69841E-06   -0.25576E-06   -0.19677E-05    0.33354E-05   -0.15717E-04    0.43004E-04   -0.17328E-04    0.39448E-05   -0.18689E-05   -0.13837E-05   -0.34609E-07   -0.48471E-06   -0.15268E-05   -0.11947E-05   -0.73365E-06   -0.38970E-06   -0.26170E-06   -0.96699E-06   -0.39651E-06   -0.14298E-05    0.56730E-07   -0.17439E-05    0.11276E-05   -0.32344E-05   -0.12155E-05    0.62855E-06
   -0.68747E-07    0.30263E-08   -0.25187E-07    0.28074E-07   -0.33978E-07   -0.25735E-07   -0.12654E-06   -0.53843E-07    0.12953E-07   -0.13039E-06    0.88407E-09   -0.20249E-06   -0.37321E-07   -0.56336E-06   -0.57468E-08   -0.49502E-06   -0.32222E-06   -0.18792E-06   -0.64919E-06   -0.22044E-06   -0.32641E-06   -0.17184E-06   -0.20965E-05    0.37654E-05   -0.17328E-04    0.47711E-04   -0.19520E-04    0.35107E-05   -0.26339E-05   -0.14506E-05   -0.26339E-06   -0.73690E-06   -0.28638E-06    0.77313E-08   -0.83925E-06   -0.15255E-05    0.19892E-06   -0.14065E-05   -0.15674E-05   -0.23587E-05    0.97579E-06   -0.37827E-06    0.73440E-06   -0.16980E-06   -0.19986E-05
    0.26104E-07   -0.19130E-07   -0.30884E-07   -0.24641E-07    0.51003E-07   -0.42102E-07   -0.79161E-07   -0.53753E-07   -0.12132E-07    0.59990E-07   -0.37158E-06    0.10532E-06   -0.90598E-07   -0.20980E-06   -0.23722E-06   -0.39531E-06   -0.48880E-06   -0.24694E-06   -0.31869E-06   -0.33089E-06   -0.10526E-05   -0.67769E-06   -0.21937E-06   -0.16467E-05    0.39448E-05   -0.19520E-04    0.54027E-04   -0.21430E-04    0.43361E-05   -0.21373E-05   -0.91290E-06   -0.15926E-05   -0.10387E-05   -0.13389E-05   -0.20408E-05    0.45370E-06   -0.25110E-05   -0.74898E-06    0.71612E-07    0.13735E-06   -0.19150E-05    0.42345E-06   -0.31145E-05   -0.32342E-06   -0.53232E-06
   -0.65890E-08   -0.55741E-07   -0.13445E-07   -0.31881E-07   -0.34083E-07   -0.20251E-06    0.14086E-06    0.57107E-07   -0.35776E-08   -0.13655E-06   -0.11603E-06   -0.74502E-08   -0.37814E-06   -0.55574E-07    0.23111E-07   -0.12860E-06   -0.28304E-06   -0.19769E-06   -0.26022E-06   -0.30748E-06   -0.52860E-06   -0.44935E-06   -0.13705E-05   -0.62046E-06   -0.18689E-05    0.35107E-05   -0.21430E-04    0.60535E-04   -0.24369E-04    0.54597E-05   -0.40149E-05   -0.87741E-06   -0.59555E-06   -0.12259E-05   -0.17301E-05    0.63730E-06   -0.11126E-06   -0.17948E-05   -0.50055E-06   -0.16599E-05   -0.64397E-06   -0.26593E-05   -0.24716E-06   -0.14544E-05   -0.17220E-05
   -0.22668E-07    0.11425E-07   -0.47241E-07   -0.47281E-07   -0.18440E-07    0.26099E-07   -0.69013E-07   -0.56070E-07   -0.70745E-07    0.17483E-06    0.10604E-06   -0.48224E-06    0.69193E-07    0.21868E-06   -0.94284E-06    0.14590E-06   -0.39935E-06   -0.76305E-07   -0.48269E-06   -0.10556E-05   -0.26638E-06   -0.85732E-06   -0.27865E-06   -0.13913E-06   -0.13837E-05   -0.26339E-05    0.43361E-05   -0.24369E-04    0.67024E-04   -0.26989E-04    0.71945E-05   -0.33543E-05   -0.12846E-05   -0.15199E-05   -0.66665E-06   -0.13265E-05   -0.15681E-05   -0.40877E-06   -0.18352E-05   -0.49240E-06   -0.37297E-05   -0.59513E-06   -0.11036E-05    0.64540E-06   -0.26675E-05
    0.14995E-07   -0.92792E-08   -0.50298E-07    0.10592E-06   -0.15211E-06   -0.19639E-07   -0.58507E-08   -0.66672E-07   -0.36968E-07   -0.27806E-06    0.25715E-06    0.15855E-06   -0.17980E-06   -0.54981E-06    0.64880E-06   -0.64105E-06   -0.50042E-06   -0.41131E-06   -0.71245E-06   -0.76276E-06   -0.23315E-06    0.44730E-07   -0.77445E-06   -0.18270E-05   -0.34609E-07   -0.14506E-05   -0.21373E-05    0.54597E-05   -0.26989E-04    0.74824E-04   -0.30740E-04    0.69155E-05   -0.50734E-05   -0.91725E-06   -0.11604E-05   -0.16759E-05   -0.22891E-05   -0.18245E-05   -0.26067E-06   -0.10586E-05    0.10246E-05   -0.20085E-05   -0.13033E-05   -0.30578E-05   -0.14695E-05
   -0.96646E-08   -0.82226E-08    0.13735E-07   -0.46295E-07   -0.92006E-07   -0.18960E-07   -0.12368E-06   -0.90601E-07   -0.23794E-06    0.48754E-07   -0.13084E-06   -0.12039E-06   -0.45286E-07    0.34759E-06   -0.79952E-06    0.20337E-06   -0.63570E-06   -0.34611E-06   -0.57854E-06    0.68644E-07   -0.55066E-06   -0.17572E-06   -0.12354E-05   -0.47092E-06   -0.48471E-06   -0.26339E-06   -0.91290E-06   -0.40149E-05    0.71945E-05   -0.30740E-04    0.83917E-04   -0.34500E-04    0.85526E-05   -0.54187E-05   -0.10557E-05   -0.95314E-06   -0.17663E-05   -0.13316E-05   -0.19247E-05   -0.33825E-06   -0.26955E-05   -0.27381E-05   -0.18808E-05   -0.22486E-05   -0.30383E-05
    0.66192E-08   -0.86998E-07    0.24767E-07   -0.59526E-07    0.34957E-07   -0.17619E-06    0.15016E-07    0.18028E-06    0.40175E-07    0.12989E-06   -0.12956E-06    0.93625E-07   -0.46339E-06    0.15899E-06   -0.18587E-06    0.10885E-06    0.32348E-06   -0.65155E-06    0.21280E-06    0.28067E-06   -0.97502E-06    0.26417E-07   -0.44729E-06   -0.43870E-06   -0.15268E-05   -0.73690E-06   -0.15926E-05   -0.87741E-06   -0.33543E-05    0.69155E-05   -0.34500E-04    0.93181E-04   -0.38914E-04    0.80290E-05   -0.49624E-05   -0.17067E-05   -0.43214E-05   -0.23739E-05   -0.11482E-05   -0.38524E-05   -0.27184E-05   -0.14881E-05    0.89962E-06   -0.33757E-05   -0.19626E-05
    0.75560E-08    0.69853E-07    0.78561E-07   -0.42157E-07   -0.10369E-06    0.13346E-06   -0.63458E-07   -0.28443E-06   -0.13664E-06   -0.84490E-07   -0.91040E-07   -0.82327E-07   -0.25390E-06    0.50715E-06   -0.74045E-06    0.70536E-07    0.64928E-07   -0.61771E-06   -0.74206E-06   -0.46960E-06   -0.81404E-06   -0.71879E-06   -0.60257E-06   -0.49157E-06   -0.11947E-05   -0.28638E-06   -0.10387E-05   -0.59555E-06   -0.12846E-05   -0.50734E-05    0.85526E-05   -0.38914E-04    0.10277E-03   -0.40928E-04    0.11124E-04   -0.63802E-05   -0.26327E-06   -0.25486E-05   -0.17180E-05   -0.11120E-05   -0.20897E-05   -0.41449E-05   -0.26700E-05   -0.36853E-05   -0.29476E-05
   -0.31504E-07    0.12974E-06   -0.16255E-06    0.56297E-07   -0.35423E-08   -0.31058E-06    0.70581E-07   -0.29614E-06   -0.75878E-07   -0.22480E-07    0.10110E-06   -0.40092E-06    0.47462E-06   -0.30359E-06   -0.53970E-06   -0.89429E-07   -0.16235E-06    0.43396E-06   -0.15951E-05    0.11087E-06   -0.23921E-06   -0.35019E-06   -0.47681E-06    0.13590E-06   -0.73365E-06    0.77313E-08   -0.13389E-05   -0.12259E-05   -0.15199E-05   -0.91725E-06   -0.54187E-05    0.80290E-05   -0.40928E-04    0.10863E-03   -0.44246E-04    0.93720E-05   -0.67589E-05    0.11436E-05   -0.62996E-05   -0.15203E-05   -0.33738E-05   -0.38592E-06   -0.25801E-05   -0.27323E-05   -0.34987E-05
   -0.30393E-07   -0.46214E-08    0.52905E-07   -0.14076E-06    0.15022E-06    0.27105E-06   -0.19569E-06    0.34819E-06   -0.37249E-06    0.18104E-06   -0.25790E-06    0.26246E-06   -0.66850E-06   -0.24559E-07    0.27415E-06   -0.40061E-06   -0.22314E-06   -0.67991E-06    0.56668E-06   -0.88164E-06    0.14527E-05   -0.14623E-05   -0.10564E-05   -0.17669E-05   -0.38970E-06   -0.83925E-06   -0.20408E-05   -0.17301E-05   -0.66665E-06   -0.11604E-05   -0.10557E-05   -0.49624E-05    0.11124E-04   -0.44246E-04    0.11933E-03   -0.49672E-04    0.99568E-05   -0.76439E-05   -0.15350E-05   -0.24636E-05   -0.28508E-05   -0.46950E-05   -0.32007E-05   -0.67239E-06   -0.45188E-05
    0.47412E-07    0.15066E-07   -0.44879E-07    0.77874E-07   -0.85842E-07   -0.30584E-06    0.56073E-06   -0.37857E-06    0.42280E-06   -0.25214E-06    0.30555E-06    0.10478E-06    0.77791E-07    0.59437E-06   -0.30282E-06   -0.31040E-06   -0.35181E-06    0.21003E-06   -0.36070E-06   -0.92133E-06   -0.94574E-06   -0.51058E-06   -0.13002E-06   -0.11461E-05   -0.26170E-06   -0.15255E-05    0.45370E-06    0.63730E-06   -0.13265E-05   -0.16759E-05   -0.95314E-06   -0.17067E-05   -0.63802E-05    0.93720E-05   -0.49672E-04    0.12578E-03   -0.50776E-04    0.98188E-05   -0.76704E-05   -0.31785E-05   -0.53175E-05   -0.20506E-06   -0.50698E-05   -0.10518E-05   -0.53014E-05
    0.38141E-07   -0.10866E-06    0.16851E-07   -0.46669E-07    0.12531E-06    0.34107E-06   -0.23501E-06    0.13508E-06   -0.22724E-06   -0.46435E-06    0.40081E-06   -0.15697E-06    0.50145E-06   -0.73811E-06    0.36822E-06   -0.18516E-06   -0.52668E-06    0.92197E-07   -0.34885E-06   -0.36971E-07   -0.47147E-06    0.37882E-06   -0.19147E-05    0.78053E-06   -0.96699E-06    0.19892E-06   -0.25110E-05   -0.11126E-06   -0.15681E-05   -0.22891E-05   -0.17663E-05   -0.43214E-05   -0.26327E-06   -0.67589E-05    0.99568E-05   -0.50776E-04    0.13605E-03   -0.53445E-04    0.11252E-04   -0.50953E-05   -0.17929E-05   -0.91845E-05   -0.39365E-05   -0.17110E-05   -0.70865E-05
   -0.40853E-07    0.10940E-06   -0.62927E-07    0.12121E-06   -0.12108E-06   -0.26652E-07   -0.14143E-06   -0.17344E-07    0.32164E-06   -0.22465E-06   -0.29839E-06    0.16486E-07   -0.41624E-06    0.93738E-08    0.25816E-06   -0.27585E-06    0.26048E-06    0.51992E-07    0.44624E-06   -0.49403E-06   -0.60646E-06   -0.72397E-06   -0.71375E-06   -0.80167E-06   -0.39651E-06   -0.14065E-05   -0.74898E-06   -0.17948E-05   -0.40877E-06   -0.18245E-05   -0.13316E-05   -0.23739E-05   -0.25486E-05    0.11436E-05   -0.76439E-05    0.98188E-05   -0.53445E-04    0.14761E-03   -0.59511E-04    0.98733E-05   -0.94430E-05    0.13058E-05   -0.75017E-05   -0.45821E-05   -0.84963E-05
    0.56680E-07   -0.82088E-07    0.56093E-07   -0.18127E-07    0.59740E-07    0.21873E-06   -0.26770E-06   -0.11341E-06   -0.23108E-07    0.14063E-06    0.12830E-06    0.79524E-07    0.14710E-06    0.21311E-06   -0.73733E-07    0.59026E-06   -0.62603E-06    0.59266E-06   -0.11436E-05    0.22260E-06   -0.83439E-06   -0.19600E-06    0.42044E-06   -0.15937E-05   -0.14298E-05   -0.15674E-05    0.71612E-07   -0.50055E-06   -0.18352E-05   -0.26067E-06   -0.19247E-05   -0.11482E-05   -0.17180E-05   -0.62996E-05   -0.15350E-05   -0.76704E-05    0.11252E-04   -0.59511E-04    0.16275E-03   -0.67909E-04    0.14655E-04   -0.14782E-04   -0.36392E-05   -0.51822E-05   -0.68018E-05
    0.28549E-07   -0.44379E-07   -0.11964E-07    0.10884E-06    0.15365E-06    0.15731E-06    0.11364E-06    0.34167E-06   -0.20894E-06    0.88044E-06   -0.63041E-06    0.12560E-06   -0.36688E-06   -0.32973E-06   -0.70672E-06   -0.64743E-06    0.69785E-06   -0.90662E-06    0.52016E-06   -0.19141E-06   -0.35432E-06   -0.14875E-05   -0.11671E-05    0.90153E-06    0.56730E-07   -0.23587E-05    0.13735E-06   -0.16599E-05   -0.49240E-06   -0.10586E-05   -0.33825E-06   -0.38524E-05   -0.11120E-05   -0.15203E-05   -0.24636E-05   -0.31785E-05   -0.50953E-05    0.98733E-05   -0.67909E-04    0.17220E-03   -0.71225E-04    0.14285E-04   -0.12460E-04   -0.38716E-05   -0.89620E-05
   -0.30845E-07    0.43733E-07    0.61662E-07    0.23390E-07   -0.22645E-06    0.15950E-06   -0.15783E-07   -0.29596E-06    0.85002E-07   -0.61385E-06    0.66123E-06   -0.16475E-06    0.10087E-05   -0.38146E-06    0.88173E-06   -0.47028E-06    0.60120E-06    0.23759E-06    0.16066E-07   -0.24627E-06   -0.10072E-05   -0.15347E-06    0.64728E-06   -0.16827E-05   -0.17439E-05    0.97579E-06   -0.19150E-05   -0.64397E-06   -0.37297E-05    0.10246E-05   -0.26955E-05   -0.27184E-05   -0.20897E-05   -0.33738E-05   -0.28508E-05   -0.53175E-05   -0.17929E-05   -0.94430E-05    0.14655E-04   -0.71225E-04    0.18606E-03   -0.79169E-04    0.15191E-04   -0.15916E-04   -0.57060E-05
    0.48873E-07    0.16342E-07   -0.35208E-07    0.13073E-06    0.21748E-06   -0.47839E-07    0.39084E-07   -0.11115E-06    0.27848E-06    0.10185E-06   -0.34893E-06    0.20708E-06   -0.49997E-06   -0.13400E-06   -0.40750E-06    0.74472E-06   -0.43889E-06   -0.20804E-06    0.12706E-05   -0.69420E-06    0.20661E-06   -0.25064E-07   -0.45584E-06   -0.10321E-05    0.11276E-05   -0.37827E-06    0.42345E-06   -0.26593E-05   -0.59513E-06   -0.20085E-05   -0.27381E-05   -0.14881E-05   -0.41449E-05   -0.38592E-06   -0.46950E-05   -0.20506E-06   -0.91845E-05    0.13058E-05   -0.14782E-04    0.14285E-04   -0.79169E-04    0.20104E-03   -0.84037E-04    0.18565E-04   -0.22230E-04
    0.42200E-07    0.18219E-07   -0.49096E-08    0.67563E-07   -0.28535E-06    0.31520E-06   -0.29705E-06    0.31227E-06   -0.20024E-06    0.34655E-07    0.78135E-07    0.43764E-06   -0.47000E-08    0.34107E-06    0.95280E-07   -0.91950E-06    0.11882E-05   -0.41966E-06   -0.15915E-05    0.85903E-06    0.36431E-07   -0.70591E-06    0.63405E-06    0.38110E-06   -0.32344E-05    0.73440E-06   -0.31145E-05   -0.24716E-06   -0.11036E-05   -0.13033E-05   -0.18808E-05    0.89962E-06   -0.26700E-05   -0.25801E-05   -0.32007E-05   -0.50698E-05   -0.39365E-05   -0.75017E-05   -0.36392E-05   -0.12460E-04    0.15191E-04   -0.84037E-04    0.21133E-03   -0.89526E-04    0.75017E-05
   -0.13769E-07    0.11341E-06    0.47325E-07   -0.34393E-07    0.42144E-07   -0.23956E-06    0.38689E-06    0.23002E-06   -0.14891E-06    0.22867E-06    0.88394E-07   -0.56102E-06    0.33586E-06    0.11495E-07    0.10597E-05    0.43608E-06   -0.13190E-05   -0.41181E-06    0.31964E-06   -0.13692E-05    0.34754E-06    0.92354E-08   -0.64051E-06    0.10071E-05   -0.12155E-05   -0.16980E-06   -0.32342E-06   -0.14544E-05    0.64540E-06   -0.30578E-05   -0.22486E-05   -0.33757E-05   -0.36853E-05   -0.27323E-05   -0.67239E-06   -0.10518E-05   -0.17110E-05   -0.45821E-05   -0.51822E-05   -0.38716E-05   -0.15916E-04    0.18565E-04   -0.89526E-04    0.22954E-03   -0.97002E-04
    0.16903E-07   -0.47324E-07    0.80072E-07   -0.30894E-07    0.41478E-06   -0.57975E-07    0.88849E-07    0.55688E-07    0.58296E-06   -0.61451E-07    0.20362E-06   -0.31825E-06    0.42349E-06   -0.27089E-06   -0.13185E-06    0.37118E-06   -0.88762E-07    0.28571E-06    0.20805E-06    0.42840E-06   -0.47876E-06   -0.76044E-07   -0.40305E-06   -0.65814E-06    0.62855E-06   -0.19986E-05   -0.53232E-06   -0.17220E-05   -0.26675E-05   -0.14695E-05   -0.30383E-05   -0.19626E-05   -0.29476E-05   -0.34987E-05   -0.45188E-05   -0.53014E-05   -0.70865E-05   -0.84963E-05   -0.68018E-05   -0.89620E-05   -0.57060E-05   -0.22230E-04    0.75017E-05   -0.97002E-04    0.19855E-03
